(110,0),(108,0),(77,1),(72,2),(68,2),(58,5),(50,8),(45,11),(41,15),(36,20),(30,28),(27,33),(24,38),(23,39),(18,52),(17,55),(13,67),(8,83),(6,93),(3,117),(1,126),(1,135),(1,143),(3,149),(6,158),(9,166),(15,179),(18,185),(23,193),(27,199),(35,212),(41,221),(52,234),(59,243),(64,250),(64,250),(66,252),(83,266),(88,270),(89,271),(102,279),(109,282),(113,284),(125,288),(150,294),(156,294),(194,291),(200,290),(241,278),(243,277),(257,270),(267,263),(274,257),(277,253),(282,246),(283,244),(288,227),(291,210),(293,202),(294,192),(296,172),(296,160),(296,156),(295,152),(293,144),(290,134),(283,113),(280,105),(278,102),(262,78),(248,59),(245,56),(237,48),(229,44),(224,41),(223,40),(219,39),(205,34),(199,33),(193,32),(172,29),(152,26),(146,26),(133,25),(126,25)
(153,24),(127,29),(95,34),(79,38),(65,42),(33,53),(14,63),(9,74),(6,85),(0,120),(0,152),(1,161),(7,180),(26,204),(35,214),(47,225),(62,239),(74,248),(82,254),(104,267),(114,272),(140,280),(173,284),(212,286),(222,286),(234,285),(261,270),(282,249),(285,240),(292,205),(298,173),(295,140),(277,88),(268,81),(222,72)
(118,4),(97,4),(91,4),(85,4),(70,6),(58,8),(55,9),(48,14),(47,15),(42,22),(38,30),(32,39),(30,44),(27,50),(25,55),(14,87),(12,97),(10,107),(9,118),(8,143),(8,155),(8,168),(10,179),(16,218),(24,235),(27,239),(36,253),(48,261),(71,274),(92,282),(106,285),(114,287),(145,293),(152,293),(162,293),(185,293),(194,292),(208,291),(213,290),(215,289),(229,286),(243,278),(256,270),(258,268),(259,268),(266,262),(270,257),(274,252),(277,247),(279,243),(288,227),(289,224),(291,216),(293,194),(293,191),(293,180),(292,167),(291,150),(288,132),(283,101),(282,98),(280,91),(272,71),(263,59),(252,45),(247,40),(245,38),(243,37),(232,32),(222,29),(214,26),(195,23),(188,23),(181,22)
(127,27),(126,27),(96,32),(95,32),(78,38),(50,49),(39,58),(24,114),(20,144),(28,180),(48,253),(64,282),(75,288),(90,291),(112,295),(144,297),(169,297),(190,289),(224,269),(243,253),(260,237),(263,234),(283,205),(288,188),(287,180),(272,94),(270,85),(252,62),(246,58),(205,32),(162,16),(159,15),(136,11),(132,10)
(45,18),(45,18),(29,18),(23,20),(15,22),(13,58),(12,79),(12,113),(15,148),(20,182),(21,185),(22,187),(33,206),(54,232),(96,279),(120,297),(125,297),(151,298),(168,298),(194,295),(211,289),(226,283),(230,280),(271,249),(282,241),(291,223),(290,198),(288,186),(283,159),(280,151),(270,135),(264,128),(262,126),(249,110),(231,96),(216,85),(192,69),(178,62),(176,61),(156,54),(130,46),(117,42),(82,36),(66,33),(61,33)
(151,13),(121,14),(98,19),(94,21),(91,22),(86,25),(71,34),(42,64),(41,67),(36,74),(18,102),(18,103),(15,115),(15,116),(13,127),(11,153),(10,161),(10,171),(11,195),(11,197),(16,210),(25,232),(26,235),(39,251),(48,261),(69,273),(76,277),(82,280),(86,282),(98,287),(108,291),(114,292),(135,292),(143,292),(177,288),(183,286),(205,281),(217,277),(224,275),(248,250),(252,245),(260,231),(283,190),(293,168),(297,138),(297,130),(295,113),(289,103),(262,56),(257,51),(255,49),(250,46),(239,39),(231,33),(222,28),(212,23),(203,19),(188,18)
(132,1),(127,1),(112,3),(106,4),(102,5),(75,13),(57,20),(50,22),(48,23),(37,30),(19,42),(15,45),(11,51),(9,54),(8,58),(8,61),(7,63),(4,86),(4,94),(4,96),(3,102),(2,113),(1,130),(1,143),(0,150),(2,167),(3,171),(6,182),(7,189),(8,191),(13,200),(20,216),(26,228),(32,237),(42,251),(45,254),(46,256),(51,260),(66,273),(71,276),(79,281),(88,285),(103,291),(111,293),(117,294),(140,297),(144,297),(167,298),(174,299),(176,299),(200,299),(210,299),(216,298),(235,294),(251,289),(258,285),(271,279),(277,275),(284,270),(286,268),(289,266),(295,260),(296,253),(297,245),(297,240),(297,227),(296,217),(295,194),(291,172),(291,168),(287,147),(282,131),(275,107),(270,94),(266,87),(258,77),(245,68),(236,63),(221,55),(217,53),(202,46),(194,43),(181,40),(179,39),(163,36),(153,35),(140,34),(136,34)
(105,16),(92,17),(70,28),(60,36),(49,49),(42,60),(38,69),(24,107),(18,127),(17,135),(18,154),(20,177),(23,192),(26,211),(28,222),(31,236),(33,245),(35,253),(44,274),(51,289),(57,291),(86,297),(104,300),(109,300),(113,300),(117,300),(126,299),(140,298),(156,295),(170,293),(181,291),(203,283),(214,278),(226,272),(230,268),(233,266),(240,259),(242,258),(249,249),(259,232),(283,182),(288,168),(289,162),(292,140),(291,131),(291,116),(289,90),(282,59),(277,44),(274,41),(268,37),(263,33),(252,27),(240,24),(226,22),(194,18),(161,15)
(124,14),(112,16),(83,21),(69,28),(59,32),(37,43),(25,51),(21,58),(18,65),(7,91),(7,99),(14,147),(16,153),(23,174),(32,194),(33,196),(41,208),(83,262),(100,280),(109,287),(116,291),(123,291),(159,292),(161,292),(192,285),(204,280),(212,277),(217,275),(239,260),(244,254),(244,254),(257,229),(269,205),(271,191),(273,180),(273,171),(272,168),(265,143),(262,131),(237,63),(221,33),(216,25),(213,21),(206,16),(200,12),(195,10)
(131,23),(119,23),(104,23),(96,24),(66,29),(63,30),(59,31),(54,33),(50,37),(47,40),(26,65),(23,69),(21,73),(19,78),(10,102),(10,106),(8,128),(8,129),(8,133),(8,142),(9,158),(9,172),(10,180),(11,187),(13,196),(15,208),(17,215),(23,229),(25,233),(27,239),(29,244),(47,260),(55,265),(57,267),(67,273),(74,276),(93,281),(111,285),(128,289),(131,290),(160,295),(163,295),(173,295),(187,294),(201,292),(201,292),(205,292),(221,287),(226,286),(233,282),(257,266),(266,258),(269,255),(273,249),(276,244),(285,225),(288,219),(289,214),(293,199),(295,184),(295,177),(295,158),(293,134),(293,125),(289,94),(288,86),(286,81),(278,61),(270,43),(268,38),(257,30),(253,27),(236,17),(223,13),(216,12),(196,8),(173,5),(159,3),(148,2)
(119,8),(101,9),(81,12),(71,14),(65,16),(52,23),(46,29),(32,42),(29,45),(25,49),(18,61),(10,79),(9,81),(6,90),(1,106),(1,106),(0,115),(1,137),(1,150),(2,156),(5,174),(8,197),(12,218),(15,233),(15,235),(15,237),(22,253),(25,261),(29,265),(36,272),(37,274),(43,277),(55,283),(61,285),(67,286),(71,286),(81,287),(103,289),(113,289),(128,289),(129,289),(145,289),(153,287),(164,282),(168,281),(171,279),(187,271),(221,248),(233,240),(263,220),(267,215),(272,205),(279,190),(280,188),(284,180),(285,175),(287,166),(288,159),(288,150),(288,139),(287,121),(285,105),(284,93),(283,87),(280,75),(276,67),(271,60),(252,47),(215,29),(207,25),(178,13),(170,12),(157,9),(138,7),(130,7)
(115,0),(94,1),(77,2),(54,4),(42,7),(37,9),(25,27),(17,45),(12,60),(8,73),(5,83),(4,86),(2,94),(0,112),(0,121),(1,144),(3,172),(4,175),(5,183),(11,206),(12,213),(17,225),(21,235),(27,244),(36,253),(43,257),(50,262),(53,264),(66,269),(92,281),(119,290),(139,297),(140,297),(142,297),(155,298),(159,298),(180,298),(201,297),(209,296),(221,291),(228,287),(234,283),(256,267),(259,265),(264,259),(271,246),(278,230),(281,223),(284,215),(285,209),(289,193),(296,148),(297,145),(297,135),(297,121),(296,102),(294,95),(280,64),(262,42),(251,32),(246,29),(218,17),(202,10),(201,10),(185,8),(180,7),(170,6),(158,5)
(131,11),(100,12),(90,18),(81,25),(67,38),(53,55),(34,82),(20,107),(18,114),(19,135),(20,143),(27,214),(31,226),(33,230),(39,241),(41,243),(59,262),(79,281),(82,282),(88,284),(150,293),(155,293),(197,291),(203,291),(223,287),(233,283),(238,279),(249,270),(252,268),(262,257),(266,253),(273,240),(276,234),(282,221),(284,214),(285,208),(290,165),(290,161),(289,154),(286,142),(284,136),(279,122),(263,98),(257,91),(244,74),(228,55),(216,41),(204,28),(203,27),(192,21),(183,19),(160,13),(142,13)
(146,36),(95,36),(73,43),(40,56),(13,79),(4,130),(2,161),(3,173),(8,193),(16,225),(35,258),(37,261),(44,272),(64,280),(75,284),(112,292),(126,294),(145,297),(187,289),(206,285),(255,272),(257,271),(277,252),(283,188),(284,159),(276,113),(261,71),(248,47),(225,36),(156,20)
(173,1),(147,2),(110,6),(100,9),(88,14),(86,16),(83,18),(79,21),(72,26),(69,29),(46,51),(44,53),(37,61),(28,74),(22,83),(18,94),(17,96),(15,100),(7,123),(6,126),(3,148),(1,158),(0,166),(1,170),(2,180),(4,187),(6,192),(9,203),(13,213),(20,230),(21,233),(28,246),(30,250),(36,259),(38,261),(46,267),(55,272),(82,288),(88,291),(93,293),(106,297),(109,298),(117,299),(118,299),(137,299),(145,299),(148,299),(172,297),(188,297),(192,296),(201,296),(202,295),(205,294),(216,291),(234,283),(243,278),(250,274),(255,271),(255,271),(256,270),(267,252),(274,234),(278,225),(280,218),(289,190),(291,181),(296,160),(297,153),(298,145),(299,142),(299,134),(299,114),(297,110),(297,109),(291,98),(287,91),(286,90),(286,90),(274,77),(266,68),(249,53),(218,26),(212,22),(210,20),(204,15),(189,10),(183,8),(177,8)
(97,6),(45,12),(30,19),(3,48),(13,101),(20,129),(26,147),(56,197),(75,225),(105,252),(112,258),(143,282),(158,293),(159,293),(184,292),(207,286),(247,258),(274,223),(280,211),(292,173),(293,135),(290,128),(220,42),(160,24),(149,22),(132,18)
(124,5),(122,5),(86,5),(80,5),(73,6),(69,7),(57,9),(54,10),(44,14),(42,14),(37,17),(32,22),(22,33),(22,34),(18,46),(11,74),(9,84),(8,89),(6,115),(3,173),(3,180),(3,183),(3,190),(13,242),(15,250),(18,259),(21,266),(28,273),(44,283),(49,286),(62,294),(65,295),(79,296),(89,297),(107,299),(111,299),(118,298),(120,298),(131,297),(139,296),(150,295),(172,290),(173,290),(178,288),(185,285),(187,284),(203,278),(215,272),(217,271),(220,269),(226,265),(230,261),(231,260),(242,251),(244,249),(248,245),(255,237),(259,231),(265,223),(271,214),(277,205),(287,189),(289,183),(290,180),(294,169),(298,150),(299,148),(299,146),(299,123),(299,116),(297,107),(296,104),(291,92),(289,86),(283,77),(272,61),(264,50),(259,45),(250,38),(242,33),(240,31),(227,26),(214,24),(206,22),(199,21),(173,18),(142,15),(136,15)
(87,7),(62,16),(19,48),(12,54),(8,130),(7,163),(9,181),(25,244),(32,258),(37,265),(46,274),(52,277),(84,289),(90,291),(112,293),(132,294),(165,294),(182,293),(183,292),(195,289),(224,274),(228,271),(240,262),(249,254),(267,235),(288,199),(293,178),(295,156),(296,152),(298,109),(290,88),(273,71),(248,62),(204,49),(193,46),(184,44),(164,42),(120,39)
(171,24),(169,24),(149,25),(125,28),(101,32),(88,35),(58,49),(45,58),(37,68),(20,88),(16,95),(14,98),(11,103),(8,113),(6,117),(6,119),(7,132),(9,144),(9,148),(12,167),(17,181),(23,197),(31,214),(35,221),(39,228),(55,247),(70,262),(79,269),(83,272),(119,291),(123,292),(138,296),(144,296),(158,296),(167,296),(202,293),(213,292),(217,290),(229,284),(239,276),(241,274),(261,253),(270,240),(274,235),(276,231),(291,203),(295,192),(298,185),(299,146),(299,139),(300,127),(298,95),(293,79),(285,67),(272,53),(268,49),(260,41),(251,33),(243,26),(232,20),(221,15),(201,9),(192,6),(182,4)
(110,6),(110,6),(75,7),(68,9),(50,19),(38,33),(24,63),(15,82),(2,124),(15,175),(28,224),(45,258),(138,289),(154,292),(169,293),(230,294),(257,289),(268,281),(286,236),(289,221),(288,201),(286,197),(285,195),(267,167),(232,117),(210,92),(151,36),(148,35)
(212,7),(204,7),(178,8),(166,9),(140,11),(132,12),(127,13),(114,14),(99,16),(80,21),(57,27),(52,29),(47,32),(43,36),(37,42),(27,57),(24,62),(18,76),(17,78),(14,87),(10,95),(9,102),(7,111),(5,118),(5,120),(3,137),(2,149),(4,166),(7,191),(7,195),(9,203),(10,210),(11,212),(14,221),(15,224),(23,238),(25,240),(31,248),(34,252),(43,262),(45,264),(54,272),(55,272),(67,278),(77,282),(83,283),(91,286),(97,287),(99,288),(108,290),(119,291),(121,291),(123,292),(151,293),(155,293),(160,293),(163,292),(169,292),(183,289),(192,287),(204,283),(226,272),(229,270),(241,261),(253,251),(261,244),(274,232),(280,225),(280,225),(285,215),(291,202),(292,199),(296,185),(298,173),(299,165),(299,156),(299,152),(298,148),(292,107),(284,85),(282,79),(280,74),(278,71),(269,51),(264,45),(260,40),(246,23),(245,21),(238,15),(231,8),(230,8),(219,4)
(208,14),(203,15),(113,43),(90,52),(67,80),(39,115),(3,175),(6,206),(10,223),(10,224),(20,235),(56,273),(59,273),(169,261),(181,259),(232,233),(257,220),(267,208),(284,160),(289,143),(291,80),(271,20)
(229,150),(169,150),(26,171),(61,200),(290,264)